7.56
4.83
4.33
3.17
2.61
2.89
1.06
2.28
4.78
2.44
2.61
3.72
9.06
9.44
7.39
4.89
6.44
5.83
4.67
13.06
13.5
11.94
8.5
7.83
8.56
6.17
7.06
9.78
12.11
8.0
10.06
12.17
12.06
13.61
11.39
12.39
16.0
10.17
7.61
10.28
11.17
8.39
7.72
5.61
5.28
7.78
10.5
10.5
11.56
13.67
13.67
13.78
16.17
14.22
10.5
9.44
8.94
11.44
11.17
9.89
9.06
9.78
9.67
12.0
10.22
12.0
11.94
9.72
10.17
11.78
12.56
11.28
11.83
11.28
10.78
10.33
8.83
6.83
6.89
7.28
9.83
9.56
8.94
11.44
13.22
13.72
11.33
12.78
13.61
13.11
13.33
13.83
13.94
13.78
13.22
10.39
8.06
8.06
12.44
12.61
12.72
10.11
11.44
10.5
10.06
10.06
8.72
10.78
11.5
12.0
13.56
13.56
15.39
15.67
15.39
16.28
15.78
15.11
15.78
15.56
13.78
14.39
14.44
14.33
17.28
16.5
19.61
18.22
21.61
18.39
17.56
15.78
16.11
18.78
15.72
16.72
17.22
16.0
16.72
17.33
16.72
16.78
17.28
16.5
18.17
17.72
19.78
18.39
21.0
20.72
20.56
20.28
20.89
22.61
21.22
23.5
22.44
22.72
24.89
25.0
25.78
24.89
25.44
27.17
26.5
25.78
25.5
26.83
26.67
25.78
26.67
24.78
24.67
23.5
23.33
23.39
23.22
25.33
25.22
23.94
23.33
24.28
25.11
25.11
22.67
25.28
25.56
24.61
23.67
24.22
24.06
24.78
25.56
21.39
21.89
23.17
24.44
25.17
26.94
26.94
26.61
26.67
25.22
27.56
28.61
26.67
26.83
25.72
25.0
25.78
25.0
25.89
23.06
22.94
23.17
21.39
22.61
24.11
23.89
22.94
23.89
25.56
27.0
29.33
28.78
28.11
27.17
26.33
24.33
23.67
23.17
24.11
23.78
25.94
24.89
22.0
22.72
23.5
23.28
22.28
22.39
21.61
21.94
22.11
23.67
22.39
21.94
23.22
24.06
25.89
24.94
25.67
22.0
22.11
22.94
22.67
24.56
26.11
22.17
22.61
22.5
20.0
19.72
19.5
20.22
20.5
20.89
23.17
21.89
20.78
21.11
20.72
19.33
19.56
20.72
22.5
15.89
15.72
16.06
16.61
14.94
16.44
15.94
15.17
14.61
15.17
13.78
15.06
14.39
15.0
15.39
16.67
19.72
18.67
16.17
13.72
15.06
14.5
15.22
13.61
15.5
17.67
17.28
18.78
17.11
15.11
13.89
11.78
9.67
9.28
10.06
12.83
11.44
14.17
17.44
13.72
13.67
13.22
11.83
12.22
9.5
10.28
10.17
10.06
10.83
10.11
10.78
14.39
11.44
7.67
7.78
6.72
6.17
6.61
7.89
7.78
6.39
8.5
6.33
7.39
8.56
8.83
7.0
6.06
8.06
6.5
4.67
4.83
5.33
4.56
4.72
4.39
4.22
1.56
2.17
6.83
10.11
13.67
12.89
9.28
9.06
10.72
13.83
14.44
10.61
